 <pre>

 Contingency table for Low clouds (octas)
 Selection: ALL    622 stations
Period: 20231108-20231127
Used {00,06,12,18} + 01 02 ... 12
 Limits    1.00000000       2.00000000       3.00000000       4.00000000       5.00000000       6.00000000       7.00000000    
 Each class is data <= limit, the very last > last limit
 Total number of values      421953
                                              OBSERVATION
                                  52212     4352     3403     2669     2805     3028     7121    19237 |     94827
                                   5246     1053      986      806      833      900     2148     5057 |     17029
                                   3562      810      833      716      773      802     1916     4398 |     13810
                           Ref     2961      887      843      717      743      831     1943     4398 |     13323
                                   2795      832      882      716      748      847     2068     4831 |     13719
                                   2917     1012      971      841      952     1035     2661     6026 |     16415
                                   3761     1558     1604     1324     1474     1703     4371    10687 |     26482
                                  12330     9541     9954     9243    10549    13545    39320   121866 |    226348

                    SUM           85784    20045    19476    17032    18877    22691    61548   176500 |    421953
                                              OBSERVATION
                                  48389     4241     3291     2613     2732     2959     6923    17832 |     88980
                                   5584     1104      982      864      860      931     2372     5686 |     18383
                                   3973      885      887      727      780      827     2074     4947 |     15100
                            1h     3448      861      834      687      755      800     2130     5147 |     14662
                                   3143      877      939      789      794      868     2287     5404 |     15101
                                   3091     1029     1023      863     1020     1079     2710     6880 |     17695
                                   4032     1585     1654     1379     1527     1717     4421    11524 |     27839
                                  14124     9463     9866     9110    10409    13510    38631   119080 |    224193

                    SUM           85784    20045    19476    17032    18877    22691    61548   176500 |    421953
                                              OBSERVATION
                                  49129     4230     3384     2695     2742     3018     6915    18026 |     90139
                                   5493     1119      962      867      896      933     2315     5728 |     18313
                                   4026      906      847      680      762      787     2102     5088 |     15198
                         1h_NA     3329      860      830      665      745      821     2103     4942 |     14295
                                   3073      861      916      736      818      877     2239     5413 |     14933
                                   3074     1041     1025      911      956     1058     2661     6666 |     17392
                                   4089     1605     1605     1365     1485     1702     4467    11554 |     27872
                                  13571     9423     9907     9113    10473    13495    38746   119083 |    223811

                    SUM           85784    20045    19476    17032    18877    22691    61548   176500 |    421953

