 <pre>

 Contingency table for Low clouds (octas)
 Selection: METCOOP    229 stations
Period: 20231108-20231127
Used {00,06,12,18} + 01 02 ... 12
 Limits    1.00000000       2.00000000       3.00000000       4.00000000       5.00000000       6.00000000       7.00000000    
 Each class is data <= limit, the very last > last limit
 Total number of values      182156
                                              OBSERVATION
                                  26534     1656     1312     1130     1072     1193     2957    12094 |     47948
                                   2255      364      351      313      308      330      774     2586 |      7281
                                   1470      302      305      272      295      273      669     2204 |      5790
                           Ref     1210      356      320      275      260      256      649     2186 |      5512
                                   1110      320      335      265      266      286      695     2363 |      5640
                                   1070      400      347      309      347      368      881     2997 |      6719
                                   1434      604      639      513      549      554     1472     5381 |     11146
                                   4672     3672     3399     3516     3416     4062     9817    59566 |     92120

                    SUM           39755     7674     7008     6593     6513     7322    17914    89377 |    182156
                                              OBSERVATION
                                  23264     1506     1194     1048      976     1077     2398    10078 |     41541
                                   2514      372      361      334      303      310      800     2942 |      7936
                                   1744      357      326      266      277      288      684     2459 |      6401
                            1h     1503      341      285      269      291      269      690     2614 |      6262
                                   1268      335      351      293      274      274      775     2676 |      6246
                                   1237      419      358      323      388      379      950     3401 |      7455
                                   1693      649      629      528      572      517     1508     5806 |     11902
                                   6532     3695     3504     3532     3432     4208    10109    59401 |     94413

                    SUM           39755     7674     7008     6593     6513     7322    17914    89377 |    182156
                                              OBSERVATION
                                  23875     1520     1257     1087      993     1106     2495    10293 |     42626
                                   2458      410      318      317      324      304      771     2910 |      7812
                                   1756      355      305      268      268      272      671     2627 |      6522
                         1h_NA     1440      317      288      255      264      259      712     2501 |      6036
                                   1281      320      345      279      300      305      726     2746 |      6302
                                   1296      420      398      370      331      343      909     3287 |      7354
                                   1684      676      592      513      549      528     1517     5885 |     11944
                                   5965     3656     3505     3504     3484     4205    10113    59128 |     93560

                    SUM           39755     7674     7008     6593     6513     7322    17914    89377 |    182156

