 <pre>

 Contingency table for Cloud base (m)
 Selection: ALL    637 stations
Period: 20231108-20231127
Used {00,06,12,18} + 01 02 ... 12
 Limits    70.0000000       150.000000       300.000000       600.000000       1000.00000       1500.00000       2500.00000       5000.00000    
 Each class is data <= limit, the very last > last limit
 Total number of values      414359
                                                       OBSERVATION
                                   4063     4565     1984      849      588      548      382      277      741 |     13997
                                   2163     6297     4501     1376      576      274      191      117      365 |     15860
                                   1988     9125    16368     6134     1733      699      355      267      732 |     37401
                                   1712     6910    26819    33749    10804     3147     1423     1201     1785 |     87550
                           Ref     1059     2739     9061    17883    20861     8156     2699     1704     2480 |     66642
                                    503     1070     3892     7036     8336     8198     3126     1241     1679 |     35081
                                    220      543     1764     3541     3046     3180     3358     1077      827 |     17556
                                    176      249      849     1926     1772     1374     1662     2929      923 |     11860
                                   3181     6030    11297    17668    18749    12657     8695    11046    39089 |    128412

                    SUM           15065    37528    76535    90162    66465    38233    21891    19859    48621 |    414359
                                                       OBSERVATION
                                   2689     3019     1621      747      568      411      350      216      742 |     10363
                                   1951     5104     3646     1222      533      218      129      134      671 |     13608
                                   2254     8921    14570     5801     1742      616      246      257     1511 |     35918
                                   2094     8061    26893    32112    10260     3115     1252     1088     2104 |     86979
                            1h     1368     3474     9816    17688    19826     7858     2747     1570     2676 |     67023
                                    796     1718     4844     7722     8831     8100     3026     1198     1843 |     38078
                                    447     1025     2661     4526     3614     3627     3765     1353     1193 |     22211
                                    238      361     1148     2133     1920     1433     1598     3063      966 |     12860
                                   3228     5845    11336    18211    19171    12855     8778    10980    36915 |    127319

                    SUM           15065    37528    76535    90162    66465    38233    21891    19859    48621 |    414359
                                                       OBSERVATION
                                   2641     3016     1799      836      588      445      335      216      632 |     10508
                                   1833     5000     3851     1350      582      252      130      139      535 |     13672
                                   2249     8868    14150     6057     1814      634      230      283     1235 |     35520
                                   2041     8082    27137    31892    10321     3156     1291     1115     2137 |     87172
                         1h_NA     1386     3393     9873    17747    19782     7751     2700     1564     2615 |     66811
                                    785     1712     4803     7569     8719     7948     3191     1185     1783 |     37695
                                    409      982     2578     4377     3682     3662     3767     1388     1153 |     21998
                                    215      330     1095     2118     1890     1426     1594     3033      979 |     12680
                                   3506     6145    11249    18216    19087    12959     8653    10936    37552 |    128303

                    SUM           15065    37528    76535    90162    66465    38233    21891    19859    48621 |    414359

