 <pre>

 Contingency table for Cloud cover (octas)
 Selection: ALL    403 stations
Period: 20231108-20231127
Used {00,06,12,18} + 01 02 ... 12
 Limits   0.500000000       1.50000000       2.50000000       3.50000000       4.50000000       5.50000000       6.50000000       7.50000000    
 Each class is data <= limit, the very last > last limit
 Total number of values      243017
                                                       OBSERVATION
                                   6158     1654     1128      839      493      677      777     1195     2730 |     15651
                                   1705      599      560      506      358      485      671     1199     2587 |      8670
                                    950      396      376      361      290      361      516      980     2308 |      6538
                                    672      301      310      307      264      317      461     1014     2368 |      6014
                           Ref      598      286      323      264      248      360      496     1092     2610 |      6277
                                    594      315      282      295      279      370      531     1286     3048 |      7000
                                    631      321      330      346      335      454      687     1704     4316 |      9124
                                    859      505      479      504      478      723     1168     3139     7841 |     15696
                                   3115     1887     1601     2075     1973     3434     6016    35608   112338 |    168047

                    SUM           15282     6264     5389     5497     4718     7181    11323    47217   140146 |    243017
                                                       OBSERVATION
                                   5809     1596     1082      793      478      663      803     1171     2886 |     15281
                                   1768      595      546      511      400      509      644     1178     2966 |      9117
                                    993      400      398      343      289      364      508     1089     2571 |      6955
                                    736      325      337      300      223      337      489     1045     2611 |      6403
                            1h      641      281      295      299      253      321      475     1141     2835 |      6541
                                    625      323      310      298      268      383      558     1322     3492 |      7579
                                    667      322      372      366      320      452      680     1825     4553 |      9557
                                    888      502      467      520      545      706     1126     3175     8297 |     16226
                                   3155     1920     1582     2067     1942     3446     6040    35271   109935 |    165358

                    SUM           15282     6264     5389     5497     4718     7181    11323    47217   140146 |    243017
                                                       OBSERVATION
                                   5838     1589     1095      821      494      650      823     1100     2886 |     15296
                                   1748      613      555      509      383      517      649     1202     2882 |      9058
                                   1009      390      391      363      275      376      518     1095     2614 |      7031
                                    731      356      305      283      224      337      461     1067     2590 |      6354
                         1h_NA      664      280      303      276      236      334      472     1076     2864 |      6505
                                    605      292      318      295      274      351      533     1329     3311 |      7308
                                    647      313      361      360      351      471      646     1743     4526 |      9418
                                    876      520      474      509      488      663     1112     3182     8246 |     16070
                                   3164     1911     1587     2081     1993     3482     6109    35423   110227 |    165977

                    SUM           15282     6264     5389     5497     4718     7181    11323    47217   140146 |    243017

