 <pre>

 Contingency table for Cloud base (m)
 Selection: METCOOP    229 stations
Period: 20231108-20231127
Used {00,06,12,18} + 01 02 ... 12
 Limits    70.0000000       150.000000       300.000000       600.000000       1000.00000       1500.00000       2500.00000       5000.00000    
 Each class is data <= limit, the very last > last limit
 Total number of values      178819
                                                       OBSERVATION
                                   2000     2498      795      266      147      288      215       52      232 |      6493
                                   1233     3205     1775      432      179      114       91       30      238 |      7297
                                   1065     4699     7741     1798      478      227      170       77      493 |     16748
                                    776     3811    14381    13167     3151     1090      633      295      884 |     38188
                           Ref      503     1511     4569     6920     6291     2452      873      390      724 |     24233
                                    160      429     1743     2215     1703     2400      778      232      467 |     10127
                                     67      245      956     1453      749      948     1093      228      373 |      6112
                                     48      120      450      847      424      413      505      814      668 |      4289
                                   2359     4808     8180     9278     6718     4586     3766     3107    22530 |     65332

                    SUM            8211    21326    40590    36376    19840    12518     8124     5225    26609 |    178819
                                                       OBSERVATION
                                   1329     1599      588      217      127      180      249       58      425 |      4772
                                   1091     2542     1397      342      148       84       62       62      496 |      6224
                                   1314     4913     7108     1799      529      242      108       87     1194 |     17294
                                   1008     4439    14513    13082     3156     1154      555      341     1225 |     39473
                            1h      640     1884     4880     6752     6083     2350      918      396      833 |     24736
                                    298      803     2274     2515     2056     2530      773      254      569 |     12072
                                    177      496     1355     1832      922     1178     1253      370      540 |      8123
                                     74      171      655      863      431      443      456      803      675 |      4571
                                   2280     4479     7820     8974     6388     4357     3750     2854    20652 |     61554

                    SUM            8211    21326    40590    36376    19840    12518     8124     5225    26609 |    178819
                                                       OBSERVATION
                                   1187     1492      552      187       92      157      200       42      253 |      4162
                                   1028     2411     1335      358      113       70       55       48      399 |      5817
                                   1333     4874     6686     1666      524      210       98       82      937 |     16410
                                    973     4564    15153    13332     3227     1198      562      351     1254 |     40614
                         1h_NA      624     1815     4901     6809     6162     2319      908      411      810 |     24759
                                    298      807     2267     2520     2004     2452      799      246      586 |     11979
                                    173      494     1318     1740      950     1209     1294      373      537 |      8088
                                     66      150      611      850      434      429      466      791      683 |      4480
                                   2529     4719     7767     8914     6334     4474     3742     2881    21150 |     62510

                    SUM            8211    21326    40590    36376    19840    12518     8124     5225    26609 |    178819

