 <pre>

 Contingency table for Cloud cover (octas)
 Selection: METCOOP     38 stations
Period: 20231108-20231127
Used {00,06,12,18} + 01 02 ... 12
 Limits   0.500000000       1.50000000       2.50000000       3.50000000       4.50000000       5.50000000       6.50000000       7.50000000    
 Each class is data <= limit, the very last > last limit
 Total number of values       10428
                                                       OBSERVATION
                                   1181      365      166      110       58       63       62      114      295 |      2414
                                    194       62       38       29       31       38       50       64      112 |       618
                                     99       26       29       19       23       29       26       44       99 |       394
                                     60       17       17       19       11       26       19       68      100 |       337
                           Ref       59       16       28       16       15       21       25       57       91 |       328
                                     53       19       28       17       22       32       32       56      128 |       387
                                     64       22       22       15       18       26       40       81      121 |       409
                                     70       21       36       22       38       42       74      142      216 |       661
                                    245       62      109      105      129      204      304      782     2940 |      4880

                    SUM            2025      610      473      352      345      481      632     1408     4102 |     10428
                                                       OBSERVATION
                                   1122      359      159       98       48       63       69      103      261 |      2282
                                    181       53       38       43       33       24       34       59      131 |       596
                                    123       25       35       25       21       27       30       43       97 |       426
                                     78       23       23       14       14       22       32       59       78 |       343
                            1h       57       17       19       15       10       30       26       61       83 |       318
                                     61       20       24        9       13       28       25       61      108 |       349
                                     69       11       34       21       19       42       42       90      154 |       482
                                     77       29       31       26       42       46       51      131      230 |       663
                                    257       73      110      101      145      199      323      801     2960 |      4969

                    SUM            2025      610      473      352      345      481      632     1408     4102 |     10428
                                                       OBSERVATION
                                   1143      376      171       98       50       53       66       90      248 |      2295
                                    150       45       34       42       27       31       39       69      130 |       567
                                    120       25       33       23       19       25       35       50       95 |       425
                                     73       22       19       11       12       31       25       54       98 |       345
                         1h_NA       75       16       26       17       14       21       24       63       94 |       350
                                     65       15       15       16       18       33       25       56      114 |       357
                                     65       13       36       19       27       34       43       81      129 |       447
                                     73       28       30       21       34       47       57      131      231 |       652
                                    261       70      109      105      144      206      318      814     2963 |      4990

                    SUM            2025      610      473      352      345      481      632     1408     4102 |     10428

