 <pre>

 Contingency table for Rh2m (%)
 Selection: ALL   1058 stations
Period: 20231108-20231127
Used {00,06,12,18} + 00 01 ... 12
 Limits    30.0000000       50.0000000       65.0000000       75.0000000       85.0000000       95.0000000       100.000000    
 Each class is data <= limit, the very last > last limit
 Total number of values      982120
                                              OBSERVATION
                                      0        4        1        0        0        0        0        0 |         5
                                    129     1147     1173      358      260      173       12        0 |      3252
                                     22     2962    18834    14665     9137     4484      384        0 |     50488
                           Ref        1      378    13046    41364    47544    22951     1862        0 |    127146
                                      0       65     4104    31136   113099   128176    11579        0 |    288159
                                      0       12      543     5802    55721   237533    81563        0 |    381174
                                      0        0       21      163     2812    35418    93013        0 |    131427
                                      0        0        0        0        3       39      427        0 |       469

                    SUM             152     4568    37722    93488   228576   428774   188840        0 |    982120
                                              OBSERVATION
                                      0        0        0        0        0        0        0        0 |         0
                                    102      816      731      235      129       70        1        0 |      2084
                                     49     3137    17915    12837     7124     3344      341        0 |     44747
                            1h        1      496    14115    42392    47438    21802     1738        0 |    127982
                                      0      110     4346    31969   116984   136101    13314        0 |    302824
                                      0        9      603     5885    54361   234632    90076        0 |    385566
                                      0        0       12      170     2540    32814    83182        0 |    118718
                                      0        0        0        0        0       11      188        0 |       199

                    SUM             152     4568    37722    93488   228576   428774   188840        0 |    982120
                                              OBSERVATION
                                      0        0        0        0        0        0        0        0 |         0
                                    106      719      702      235      182       97        3        0 |      2044
                                     45     3178    17024    12671     7421     3624      332        0 |     44295
                         1h_NA        1      542    14450    40904    46705    23333     1781        0 |    127716
                                      0      112     4852    33253   114417   135820    13889        0 |    302343
                                      0       17      674     6217    57253   232451    91525        0 |    388137
                                      0        0       20      208     2598    33440    81132        0 |    117398
                                      0        0        0        0        0        9      178        0 |       187

                    SUM             152     4568    37722    93488   228576   428774   188840        0 |    982120

