 <pre>

 Contingency table for Visibility (m)
 Selection: METCOOP    264 stations
Period: 20231108-20231127
Used {00,06,12,18} + 00 01 ... 12
 Limits    1000.00000       5000.00000       10000.0000       20000.0000    
 Each class is data <= limit, the very last > last limit
 Total number of values      236691
                                     OBSERVATION
                                   1056     1243      681      700      841 |      4521
                                   2380    12234     7790     8257    12403 |     43064
                           Ref      662     4073     4615     7633    25116 |     42099
                                    508     2826     4156     8866    51135 |     67491
                                    973     3852     4035    13229    57427 |     79516

                    SUM            5579    24228    21277    38685   146922 |    236691
                                     OBSERVATION
                                    714      823      520      454      708 |      3219
                                   2586    12218     7745     8485    13451 |     44485
                            1h      817     4565     4780     8136    26601 |     44899
                                    534     3011     4351     9004    51399 |     68299
                                    928     3611     3881    12606    54763 |     75789

                    SUM            5579    24228    21277    38685   146922 |    236691
                                     OBSERVATION
                                    634      773      491      409      527 |      2834
                                   2562    11961     7585     8189    12688 |     42985
                         1h_NA      840     4711     4841     8087    25568 |     44047
                                    604     3191     4493     9257    52730 |     70275
                                    939     3592     3867    12743    55409 |     76550

                    SUM            5579    24228    21277    38685   146922 |    236691

