 <pre>

 Contingency table for Visibility (m)
 Selection: ALL    707 stations
Period: 20231108-20231127
Used {00,06,12,18} + 00 01 ... 12
 Limits    1000.00000       5000.00000       10000.0000       20000.0000    
 Each class is data <= limit, the very last > last limit
 Total number of values      586981
                                     OBSERVATION
                                   3353     3805     1996     1800     1393 |     12347
                                   6045    31892    25575    30211    26660 |    120383
                           Ref     1529    11520    19124    41507    66495 |    140175
                                    739     6990    14010    36710    98477 |    156926
                                   1558     8355    13517    38046    95674 |    157150

                    SUM           13224    62562    74222   148274   288699 |    586981
                                     OBSERVATION
                                   2427     2693     1560     1303     1148 |      9131
                                   6478    31657    25151    29974    27865 |    121125
                            1h     1890    12626    19653    42568    67211 |    143948
                                    844     7510    14614    37240    99664 |    159872
                                   1585     8076    13244    37189    92811 |    152905

                    SUM           13224    62562    74222   148274   288699 |    586981
                                     OBSERVATION
                                   2375     2762     1686     1379     1018 |      9220
                                   6414    31531    25214    30000    27602 |    120761
                         1h_NA     1925    12622    19681    42425    66950 |    143603
                                    928     7619    14587    37251    99798 |    160183
                                   1582     8028    13054    37219    93331 |    153214

                    SUM           13224    62562    74222   148274   288699 |    586981

